Eye-to-hand calibration result
generated_at=2026-07-17T14:13:25
method=PARK
result_semantics=T_base_camera_mean (camera coordinates -> robot base coordinates)
saved_npy=T_base_camera_mean computed from per-sample T_base_camera
solve_input_robot=inv(T_base_gripper) reconstructed from SDK trans(m)+rpy(rad)
robot_rpy_reconstruction=Rotation.from_euler("xyz", sdk_rpy_rad, degrees=False)
solve_input_board=T_camera_board converted once from ChArUco mm to m
internal_translation_unit=m
display_translation_unit=mm
per_sample_formula=T_base_camera_i = T_base_gripper_i @ mean(T_gripper_board) @ inv(T_camera_board_i)
gripper_board_formula=T_gripper_board_i=inv(T_base_gripper_i) @ T_base_camera @ T_camera_board_i
head_camera=head_camera
head_yaw_deg=60.000000
head_pitch_deg=45.000000
dictionary=DICT_APRILTAG_16H5
board=4x4
square_length_mm=20
marker_length_mm=14
valid_sample_count=16
valid_sample_indices=1,2,3,4,5,6,7,8,9,10,11,12,13,14,15,16

Per-sample T_base_camera translation mean, unit m:
x_mean_m=0.1297952219
y_mean_m=-0.0951776648
z_mean_m=0.2660764702
Per-sample T_base_camera translation mean, unit mm:
x_mean_mm=129.795222
y_mean_mm=-95.177665
z_mean_mm=266.076470
Per-sample T_base_camera translation std, unit mm:
x_std_mm=4.480399
y_std_mm=5.072401
z_std_mm=3.480078
Per-sample T_base_camera local rotation-vector std, unit deg:
rx_std_deg=0.613823
ry_std_deg=1.137906
rz_std_deg=0.152276
translation_mean_error_mm=6.254891675
translation_max_error_mm=19.822398476
rotation_mean_error_deg=1.087924637
rotation_max_error_deg=3.103097393

T_base_camera_mean:
[[ 0.6818522425  0.0703780241  0.7280964586  0.1297952219]
 [-0.7314340868  0.0532982027  0.6798260647 -0.0951776648]
 [ 0.0090385826 -0.9960954951  0.0878183848  0.2660764702]
 [ 0.            0.            0.            1.          ]]

T_base_camera_mean translation_mm:
[129.795222 -95.177665 266.07647 ]
T_base_camera_mean rpy_deg:
[-84.961681  -0.51788  -47.009264]

T_base_camera_PARK_raw:
[[ 0.6819397142  0.070363319   0.7280159542  0.1294484617]
 [-0.7313515573  0.0531915769  0.6799231984 -0.0954550864]
 [ 0.0091173363 -0.9961022334  0.0877337717  0.2661652085]
 [ 0.            0.            0.            1.          ]]
T_base_camera_PARK_raw translation_mm:
[129.448462 -95.455086 266.165209]
T_base_camera_PARK_raw rpy_deg:
[-84.966544  -0.522392 -47.002374]

per_sample_records=L_EtH_base_camera_per_sample.csv

[per_sample_T_camera_board]
matrix_translation_unit=m
display_translation_unit=mm
rotation_display_convention=as_euler("xyz", degrees=True)

sample_001.T_camera_board:
[[-0.383551046   0.9160838363  0.1169572567 -0.0146715743]
 [-0.8935569326 -0.4001162905  0.2036245621  0.077827292 ]
 [ 0.2333336737 -0.0264075538  0.9720380846  0.3276345787]
 [ 0.            0.            0.            1.          ]]
sample_001.translation_mm:
[-14.671574  77.827292 327.634579]
sample_001.rpy_deg:
[  -1.556183  -13.493419 -113.230981]

sample_002.T_camera_board:
[[-0.3105678638  0.9482584119  0.0659817109  0.0088557561]
 [-0.9496519492 -0.3065069832 -0.0649202945  0.1929403347]
 [-0.0413373602 -0.0828218175  0.9957066682  0.3686213796]
 [ 0.            0.            0.            1.          ]]
sample_002.translation_mm:
[  8.855756 192.940335 368.62138 ]
sample_002.rpy_deg:
[  -4.754856    2.369131 -108.109471]

sample_003.T_camera_board:
[[-0.6313882258  0.7753505129 -0.0134346758 -0.0375671668]
 [-0.7752157248 -0.6315298986 -0.014510935   0.0567533095]
 [-0.0197354603  0.0012527385  0.999804452   0.3820538656]
 [ 0.            0.            0.            1.          ]]
sample_003.translation_mm:
[-37.567167  56.753309 382.053866]
sample_003.rpy_deg:
[ 7.179063e-02  1.130832e+00 -1.291617e+02]

sample_004.T_camera_board:
[[-0.9979935262 -0.0486593678 -0.0405115739 -0.1296719201]
 [ 0.0568587527 -0.9702570038 -0.2353049696  0.0186042228]
 [-0.0278568472 -0.2371362739  0.9710769195  0.3182542044]
 [ 0.            0.            0.            1.          ]]
sample_004.translation_mm:
[-129.67192    18.604223  318.254204]
sample_004.rpy_deg:
[-13.723012   1.596286 176.739209]

sample_005.T_camera_board:
[[-0.823215687   0.4228670812 -0.3788130995 -0.041913506 ]
 [-0.0778323566 -0.7450042749 -0.6625033998 -0.0046334991]
 [-0.5623682574 -0.5158992752  0.6462119474  0.3027889376]
 [ 0.            0.            0.            1.          ]]
sample_005.translation_mm:
[-41.913506  -4.633499 302.788938]
sample_005.rpy_deg:
[ -38.601898   34.219737 -174.598926]

sample_006.T_camera_board:
[[-0.5987617106  0.7699178048  0.2207056589  0.0823623159]
 [-0.7979376178 -0.5496440418 -0.2473600322  0.0563550097]
 [-0.0691373426 -0.3242190637  0.9434521857  0.3291313322]
 [ 0.            0.            0.            1.          ]]
sample_006.translation_mm:
[ 82.362316  56.35501  329.131332]
sample_006.rpy_deg:
[ -18.965377    3.964441 -126.884072]

sample_007.T_camera_board:
[[ 0.181880665   0.9594381483  0.2154016327  0.057784582 ]
 [-0.9161724634  0.2449047359 -0.3172533493  0.0323497011]
 [-0.357137846  -0.1396427943  0.923554248   0.2749710292]
 [ 0.            0.            0.            1.          ]]
sample_007.translation_mm:
[ 57.784582  32.349701 274.971029]
sample_007.rpy_deg:
[ -8.59808   20.924525 -78.7715  ]

sample_008.T_camera_board:
[[ 0.4925141925  0.8633864518  0.1095153184  0.1589796244]
 [-0.8654374515  0.4991562358 -0.0431401183  0.065989384 ]
 [-0.0919118478 -0.0735315375  0.9930485009  0.3148610467]
 [ 0.            0.            0.            1.          ]]
sample_008.translation_mm:
[158.979624  65.989384 314.861047]
sample_008.rpy_deg:
[ -4.23481    5.273604 -60.356109]

sample_009.T_camera_board:
[[-0.0998584057  0.9071322163 -0.4088269083  0.0358029098]
 [-0.8966291256 -0.2601730816 -0.3582822613 -0.032786076 ]
 [-0.4313751383  0.330788618   0.839341635   0.3619667636]
 [ 0.            0.            0.            1.          ]]
sample_009.translation_mm:
[ 35.80291  -32.786076 361.966764]
sample_009.rpy_deg:
[ 21.509641  25.554862 -96.354895]

sample_010.T_camera_board:
[[ 0.1380590662  0.9641982648  0.2264098065  0.0280288762]
 [-0.6775114719 -0.0748052233  0.7316982876  0.096888861 ]
 [ 0.7224388554 -0.2544128236  0.6429278462  0.2431196061]
 [ 0.            0.            0.            1.          ]]
sample_010.translation_mm:
[ 28.028876  96.888861 243.119606]
sample_010.rpy_deg:
[-21.589189 -46.256206 -78.482314]

sample_011.T_camera_board:
[[-0.9593143712 -0.281750382   0.0182389522 -0.0603353394]
 [ 0.2533835561 -0.8876266673 -0.3845980668 -0.0226398438]
 [ 0.1245500325 -0.364329002   0.922903932   0.2060452987]
 [ 0.            0.            0.            1.          ]]
sample_011.translation_mm:
[-60.335339 -22.639844 206.045299]
sample_011.rpy_deg:
[-21.542309  -7.154771 165.204368]

sample_012.T_camera_board:
[[-0.9948040326  0.101121009   0.0118100907  0.0674934321]
 [-0.0965322552 -0.9000222659 -0.4250193462  0.0138369359]
 [-0.0323490405 -0.4239510142  0.9051072186  0.255023825 ]
 [ 0.            0.            0.            1.          ]]
sample_012.translation_mm:
[ 67.493432  13.836936 255.023825]
sample_012.rpy_deg:
[ -25.098329    1.853787 -174.457573]

sample_013.T_camera_board:
[[-0.8815342512  0.3601148418  0.3053107674  0.1565007279]
 [-0.4331998183 -0.8740834857 -0.2198089568  0.0586311629]
 [ 0.1877106321 -0.3260296931  0.926536215   0.2808092988]
 [ 0.            0.            0.            1.          ]]
sample_013.translation_mm:
[156.500728  58.631163 280.809299]
sample_013.rpy_deg:
[ -19.385958  -10.819209 -153.829771]

sample_014.T_camera_board:
[[-0.4266833724  0.5843994713  0.6902308003  0.2290976449]
 [-0.4002932889 -0.8063972213  0.4353031177  0.0881344286]
 [ 0.8109911112 -0.0905581549  0.5780074723  0.2952021554]
 [ 0.            0.            0.            1.          ]]
sample_014.translation_mm:
[229.097645  88.134429 295.202155]
sample_014.rpy_deg:
[  -8.904315  -54.192879 -136.827775]

sample_015.T_camera_board:
[[-0.3469772985  0.7665634921  0.540358369   0.1742046994]
 [-0.8045520273 -0.5393725031  0.2485424274  0.0779358306]
 [ 0.4819779971 -0.3485078412  0.8038902256  0.2642773196]
 [ 0.            0.            0.            1.          ]]
sample_015.translation_mm:
[174.204699  77.935831 264.27732 ]
sample_015.rpy_deg:
[ -23.438018  -28.814668 -113.328976]

sample_016.T_camera_board:
[[-0.5215517912  0.823879405   0.2218252807  0.1864723117]
 [-0.8429909328 -0.4574428331 -0.2830412367  0.0606330601]
 [-0.1317194608 -0.3346173643  0.9331029971  0.2919163856]
 [ 0.            0.            0.            1.          ]]
sample_016.translation_mm:
[186.472312  60.63306  291.916386]
sample_016.rpy_deg:
[ -19.728194    7.568965 -121.744749]
